/*********************************************
 * OPL 22.1.1.0 Data
 * Author: Ahmet Cihan
 * Creation Date: 25 Haz 2026
 *********************************************/

calisanSayisi = 16;
istasyonSayisi = 16;
planlamaUfku = 16;

Yeterlilik = [
[1	1	1	1	1	1	1	0	0	1	0	1	1	0	0	0], 
[1	1	1	1	1	1	1	1	1	1	1	1	1	1	1	1], 
[1	1	1	1	1	1	1	1	1	1	1	1	1	1	1	1], 
[1	1	1	1	1	1	1	1	1	1	1	1	1	1	1	1], 
[1	1	1	1	1	1	1	1	1	1	0	1	1	0	0	0], 
[1	1	1	1	1	1	1	1	1	1	1	1	1	1	1	1],  
[1	0	0	0	0	1	0	0	0	1	1	1	1	1	1	1], 
[1	1	1	1	1	1	1	1	1	1	1	1	1	1	1	1], 
[1	1	1	1	1	1	0	0	0	1	1	0	1	1	1	1], 
[1	1	1	1	1	1	1	1	1	1	1	1	1	1	1	1], 
[1	1	1	1	1	1	1	1	1	1	1	1	1	1	1	1], 
[1	1	1	1	1	1	1	1	1	1	1	1	1	1	1	1], 
[1	1	1	1	1	1	1	1	1	1	1	1	1	1	1	1], 
[1	0	0	0	1	1	1	0	0	1	1	1	1	1	1	1], 
[1	1	1	1	1	1	1	1	1	1	1	1	1	1	1	1], 
[1	1	1	0	0	1	0	1	1	1	1	1	1	1	1	1]
];

Yasaklanacaklar = [
[1	1	1	1	0	1	0], 
[0	1	1	1	0	1	0], 
[0	1	1	1	1	1	0], 
[0	0	1	1	0	1	1], 
[1	0	1	1	1	1	1], 
[1	1	1	1	1	1	1], 
[1	0	0	1	1	1	1], 
[0	1	0	1	1	0	1], 
[0	1	0	1	1	0	0], 
[1	1	1	1	1	1	1], 
[1	1	1	0	1	1	1], 
[1	1	0	1	1	1	0], 
[1	1	1	1	1	1	0], 
[1	1	1	0	1	0	1], 
[1	1	1	0	1	1	1], 
[1	1	1	0	1	1	1]
];

ToplamRebaSkoru = [2.55, 3.82, 3.17, 1.88, 2.00, 1.71, 2.50, 1.67, 2.50, 2.00, 2.80, 3.50, 3.23, 2.86, 2.20, 2.45]; 